cabane24751	160,16 to 287,127	128,112*	
cabane26463	160,16 to 287,127	128,112	
cabane28598	160,16 to 287,127	128,112	
cabane29371	160,16 to 287,127	128,112	
cabane30197	160,16 to 287,127	128,112	
cabane32506	196,72 to 271,124	76,53	
cabane33205	212,88 to 255,124	44,37	
cabane33585	160,16 to 287,127	128,112	
cabane36188	186,1  to 193,51	8,51	
cabane36363	186,1  to 193,51	8,51	
cabane36538	186,1  to 193,51	8,51	
cabane36713	  0,0  to 319,135	320,136	
chasse22728	  0,0  to 319,199	320,200*	
chasse29604	160,16 to 287,127	128,112	
chasse31407	160,16 to 287,127	128,112	
chasse33074	180,48 to 203,87	24,40	
chasse33201	180,48 to 203,87	24,40	
chasse33448	160,16 to 287,127	128,112	
chasse33449	160,16 to 287,127	128,112	
chasse36030	  0,0  to 319,135	320,136	
desert22220	160,16 to 287,127	128,112*	*
desert23937	246,19 to 269,65	24,47	
desert24269	246,19 to 269,65	24,47	
desert24603	246,19 to 269,65	24,47	
desert24936	160,16 to 287,127	128,112	
desert27232	160,16 to 287,127	128,112	
desert29503	160,16 to 287,127	128,112	
desert31795	160,16 to 287,127	128,112	
desert34319	  0,0  to 319,135	320,136	
gold20750	160,16 to 287,127	128,112*	2426
gold22942	160,16 to 287,127	128,112	2904
gold25565	160,16 to 287,127	128,112	1378
gold27034	160,16 to 287,127	128,112	2795
gold29572	160,16 to 287,127	128,112	2235
gold31443	166,74 to 229,124	64,51	1034 **
gold32305	160,16 to 287,127	128,112	2207
gold34290	160,16 to 287,127	128,112	1888
gold36326	  0,0  to 319,135	320,136	4940
indien24703	160,54 to 287,100	128,47
indien25356	160,54 to 287,100	128,47	
indien25745	160,54 to 287,100	128,47	
indien26225	160,54 to 287,100	128,47	
indien26769	160,16 to 287,127	128,112	
indien28880	160,16 to 287,127	128,112	
indien30857	160,16 to 287,127	128,112	
indien33566	160,16 to 287,127	128,112	
indien35903	  0,0  to 319,135	320,136	
jugeme26051	160,16 to 287,127	128,112*	
jugeme28026	160,16 to 287,127	128,112	
jugeme30241	284,82 to 319,105	36,24	
jugeme30465	160,16 to 287,127	128,112	
jugeme32159	160,16 to 287,127	128,112	
jugeme35068	  0,0  to 319,135	320,136	
montag24375	160,16 to 287,127	128,112*	
montag25889	160,16 to 287,127	128,112	
montag27642	160,16 to 287,127	128,112	
montag29973	160,16 to 287,127	128,112	
montag32325	160,16 to 287,127	128,112	
montag34902	  0,0  to 319,135	320,136	
pueblo21343	160,16 to 287,127	128,112*	
pueblo23426	160,16 to 287,127	128,112	
pueblo25017	182,19 to 195,91	16,73	+2 de large
pueblo25341	182,19 to 195,91	16,73	+2 de large
pueblo25665	182,19 to 195,91	16,73	+2 de large
pueblo25989	160,16 to 287,127	128,112	
pueblo28115	224,107 to 287,127	64,21	
pueblo28463	224,107 to 287,127	64,21	
pueblo28809	160,16 to 287,127	128,112	
pueblo31466	216,80 to 251,119	36,40	
pueblo31808	216,80 to 251,119	36,40	
pueblo32190	216,80 to 251,119	36,40	
pueblo32568	160,16 to 287,127	128,112	
pueblo35238	  0,0  to 319,135	320,136	
reno23537	160,16 to 287,127	128,112*	1814
reno25247	160,16 to 287,127	128,112	2043
reno27018	160,16 to 287,127	128,112	2525
reno29381	160,16 to 287,127	128,112	1926
reno30965	160,16 to 287,127	128,112	2546
reno33290	  0,0  to 319,135	320,136	8648
sherif28930	130,32 to 159,51	30,20*	
sherif29063	160,16 to 287,127	128,112	
sherif30740	160,16 to 287,127	128,112	
sherif32709	160,16 to 287,71	128,56	
sherif33461	160,16 to 287,127	128,112	
sherif35453	  0,0  to 319,135	320,136	
trappe25077	164,9  to 211,71	48,63*	+2 de large
trappe25732	164,9  to 211,71	48,63	+2 de large
trappe26346	160,9  to 287,127	128,119	
trappe28820	276,19 to 287,33	12,15	+2 de large
trappe28899	276,19 to 287,33	12,15	+2 de large
trappe28978	276,19 to 287,33	12,15	+2 de large
trappe29057	276,19 to 287,33	12,15	+2 de large
trappe29136	160,16 to 287,127	128,112	
trappe31185	160,16 to 287,127	128,112	
trappe33266	160,16 to 287,127	128,112	
trappe35740	  0,0  to 319,135	320,136	
villag20052	  0,0  to 319,199	320,200*	8479
villag27955	160,16 to 287,127	128,112	1898
villag29643	160,16 to 287,127	128,112	3147
villag32272	160,16 to 287,127	128,112	2156
villag34095	  0,0  to 319,135	320,136	7757